00 701 050706 1211 700  00019 0000      201                      A                      0006 A        0.00 I                                                              
00 702 050706 1211 244        0000      247                      Q                      0028 Q        0.00 I                                                              
00 703 050706 1212 244  00006 0000      247                      Q                      0003 Q        0.00 I                                                              
00 704 050706 1212 710        0000      253                      A                      0005 A        0.00 I                                                              
00 705 050706 1212 710        0000      253                      A                      0005 A        0.00 I                                                              
00 706 050706 1212 710        0000      253                      A                      0005 A        0.00 I                                                              
00 707 050706 1212 710        0000      253                      A                      0005 A        0.00 I                                                              
00 708 050706 1213 700  00014 0000      201                      A                      0003 A        0.00 I                                                              
00 709 050706 1214 700        0000      201                      A                      0015 A        0.00 I                                                              
00 710 050706 1214 200  00004 0000      252                      Q                      0002 Q        0.00 I                                                              
00 711 050706 1214 700  00017 0000      200                      A                      0001 A        0.00 I                                                              
00 712 050706 1214 200        0000 0    23                       a                      0004 a        0.00 I 711  0    23                                                 
00 713 050706 1214 200        0000      250                      Q                      0013 Q        0.00 I                                                              
00 714 050706 1214 712  00009 0000      229                      A                      0002 A        0.00 I                                                              
00 715 050706 1215 255  00013 0000 0    242347                   a                      0018 a        0.00 I 711  0    242347                                             
00 716 050706 1215 200        0000      248                      Q                      0019 Q        0.00 I                                                              
00 717 050706 1215 201  00044 0000      200                      Q                      0002 Q        0.00 I                                                              
00 718 050706 1216 232        0000      250                      Q                      0014 Q        0.00 I                                                              
00 719 050706 1216 710        0000      253                      A                      0005 A        0.00 I                                                              
00 720 050706 1216 702        0000      797                      A                      0008 A        0.00 I                                                              
00 721 050706 1216 710        0000      253                      A                      0005 A        0.00 I                                                              
00 722 050706 1216 700  00205 0000      252                      A                      0000 A        0.00 I                                                              
00 723 050706 1216 710        0000      253                      A                      0005 A        0.00 I                                                              
00 724 050706 1216 710        0000      253                      A                      0005 A        0.00 I                                                              
00 725 050706 1216 710        0000      253                      A                      0005 A        0.00 I                                                              
00 726 050706 1217 710        0000      253                      A                      0005 A        0.00 I                                                              
00 727 050706 1217 200  00124 0000 0    238125                   a                      0017 a        0.00 I 711  0    238125                                             
00 728 050706 1217 710        0000      253                      A                      0005 A        0.00 I                                                              
00 729 050706 1217 710        0000      253                      A                      0005 A        0.00 I                                                              
00 730 050706 1217 710        0000      253                      A                      0005 A        0.00 I                                                              
00 731 050706 1217 200        0000      250                      Q                      0017 Q        0.00 I                                                              
00 732 050706 1217 710        0000      253                      A                      0005 A        0.00 I                                                              
00 733 050706 1217 702  00123 0000      255                      A                      0000 A        0.00 I                                                              
00 734 050706 1217 710        0000      253                      A                      0005 A        0.00 I                                                              
00 735 050706 1218 710        0000      253                      A                      0005 A        0.00 I                                                              
00 736 050706 1218 710        0000      253                      A                      0005 A        0.00 I                                                              
00 737 050706 1218 710        0000      253                      A                      0005 A        0.00 I                                                              
00 738 050706 1218 707  00044 0000      210                      A                      0002 A        0.00 I                                                              
00 739 050706 1218 710        0000      253                      A                      0005 A        0.00 I                                                              
00 740 050706 1218 710        0000      253                      A                      0004 A        0.00 I                                                              
00 741 050706 1219 710        0000      253                      A                      0005 A        0.00 I                                                              
00 742 050706 1219 229  00053 0000 0    553592                   a                      0018 a        0.00 I 711  0    553592                                             
00 743 050706 1219 710        0000      253                      A                      0005 A        0.00 I                                                              
00 744 050706 1219 710        0000      253                      A                      0005 A        0.00 I                                                              
00 745 050706 1220 710        0000      253                      A                      0005 A        0.00 I                                                              
00 746 050706 1221 710        0000      253                      A                      0005 A        0.00 I                                                              
00 747 050706 1221 710        0000      253                      A                      0005 A        0.00 I                                                              
00 748 050706 1221 710        0000      253                      A                      0006 A        0.00 I                                                              
00 749 050706 1221 200  00010 0000 0    238343                   a                      0018 a        0.00 I 711  0    238343                                             
00 750 050706 1221 710        0000      253                      A                      0005 A        0.00 I                                                              
00 751 050706 1222 236  00013 0000      226                      Q                      0006 Q        0.00 I                                                              
00 752 050706 1222 700  00127 0000      201                      A                      0012 A        0.00 I                                                              
00 753 050706 1222 710        0000      253                      A                      0005 A        0.00 I                                                              
00 754 050706 1222 710        0000      253                      A                      0003 A        0.00 I                                                              
00 755 050706 1223 710        0000      253                      A                      0005 A        0.00 I                                                              
00 756 050706 1223 710        0000      253                      A                      0005 A        0.00 I                                                              
00 757 050706 1223 710        0000      253                      A                      0005 A        0.00 I                                                              
00 758 050706 1224 713  00008 0000      231                      A                      0000 A        0.00 I                                                              
00 759 050706 1224 230  00015 0000 0    573780                   a                      0039 a        0.00 I 711  0    573780                                             
00 760 050706 1224 710        0000      253                      A                      0005 A        0.00 I                                                              
00 761 050706 1224 710        0000      253                      A                      0005 A        0.00 I                                                              
00 762 050706 1224 710        0000      253                      A                      0005 A        0.00 I                                                              
00 763 050706 1224 710        0000      253                      A                      0005 A        0.00 I                                                              
00 764 050706 1225 704        0000      212                      A                      0102 A        0.00 I                                                              
00 765 050706 1225 710        0000      253                      A                      0005 A        0.00 I                                                              
00 766 050706 1225 704        0000      212                      A                      0013 A        0.00 I                                                              
00 767 050706 1225 714  00111 0000      236                      A                      0005 A        0.00 I                                                              
00 768 050706 1225 707  00045 0000      210                      A                      0002 A        0.00 I                                                              
00 769 050706 1226 255  00013 0000 0    242347                   a                      0017 a        0.00 I 711  0    242347                                             
00 770 050706 1226 222  00013 0000      200                      Q                      0002 Q        0.00 I                                                              
00 771 050706 1226 201  00055 0000 700  89162000614              a                      0019 a        0.00 I 700  700  89162000614                                        
00 772 050706 1226 712        0000      228                      A                      0045 A        0.00 I                                                              
00 773 050706 1226 200  00007 0000      222                      Q                      0002 Q        0.00 I                                                              
00 774 050706 1226 707  00045 0000      210                      A                      0003 A        0.00 I                                                              
00 775 050706 1227 201  00011 0000      200                      Q                      0003 Q        0.00 I                                                              
00 776 050706 1227 200        0000      233                      Q                      0008 Q        0.00 I                                                              
00 777 050706 1227 704        0000      212                      A                      0057 A        0.00 I                                                              
00 778 050706 1227 704        0000      212                      A                      0010 A        0.00 I                                                              
00 779 050706 1227 200  00005 0000      234                      Q                      0008 Q        0.00 I                                                              
00 780 050706 1227 710        0000      253                      A                      0005 A        0.00 I                                                              
00 781 050706 1227 710        0000      253                      A                      0005 A        0.00 I                                                              
00 782 050706 1228 710        0000      253                      A                      0005 A        0.00 I                                                              
00 783 050706 1228 710        0000      253                      A                      0005 A        0.00 I                                                              
00 784 050706 1228 709        0000      798                      A                      0007 A        0.00 I                                                              
00 785 050706 1229 213        0000      250                      Q                      0048 Q        0.00 I                                                              
00 786 050706 1230 232        0000      223                      Q                      0024 Q        0.00 I                                                              
00 787 050706 1230 709        0000      250                      A                      0102 A        0.00 I                                                              
00 788 050706 1230 238  00201 0000 0    313975                   a                      0018 a        0.00 I 711  0    313975                                             
00 789 050706 1231 233        0000      252                      Q                      0031 Q        0.00 I                                                              
00 790 050706 1231 709  00257 0000      213                      A                      0000 A        0.00 I                                                              
00 791 050706 1232 710        0000      253                      A                      0005 A        0.00 I                                                              
00 792 050706 1232 710        0000      253                      A                      0005 A        0.00 I                                                              
00 793 050706 1232 710        0000      253                      A                      0005 A        0.00 I                                                              
00 794 050706 1232 710        0000      253                      A                      0005 A        0.00 I                                                              
00 795 050706 1233 248  00032 0000 0    517436                   a                      0017 a        0.00 I 711  0    517436                                             
00 796 050706 1233 244        0000      214                      Q                      0029 Q        0.00 I                                                              
00 797 050706 1233 233        0000      252                      Q                      0012 Q        0.00 I                                                              
00 798 050706 1233 233        0000      250                      Q                      0018 Q        0.00 I                                                              
00 799 050706 1233 244        0000      220                      Q                      0033 Q        0.00 I                                                              
00 800 050706 1234 702        0000      797                      A                      0007 A        0.00 I                                                              
00 801 050706 1234 244        0000      214                      Q                      0028 Q        0.00 I                                                              
00 802 050706 1234 219        0000      215                      Q                      0030 Q        0.00 I                                                              
00 803 050706 1235 710        0000      253                      A                      0004 A        0.00 I                                                              
00 804 050706 1235 710        0000      253                      A                      0005 A        0.00 I                                                              
00 805 050706 1235 710        0000      253                      A                      0005 A        0.00 I                                                              
00 806 050706 1235 244        0000      214                      Q                      0022 Q        0.00 I                                                              
00 807 050706 1235 710        0000      253                      A                      0005 A        0.00 I                                                              
00 808 050706 1235 233  00020 0000      252                      Q                      0017 Q        0.00 I                                                              
00 809 050706 1235 710        0000      253                      A                      0005 A        0.00 I                                                              
00 810 050706 1235 702  00133 0000      254                      A                      0000 A        0.00 I                                                              
00 811 050706 1235 710        0000      253                      A                      0005 A        0.00 I                                                              
00 812 050706 1235 244        0000      214                      Q                      0019 Q        0.00 I                                                              
00 813 050706 1236 710        0000      253                      A                      0006 A        0.00 I                                                              
00 814 050706 1236 710        0000      253                      A                      0005 A        0.00 I                                                              
00 815 050706 1236 713        0000      230                      A                      0006 A        0.00 I                                                              
00 816 050706 1236 710        0000      253                      A                      0005 A        0.00 I                                                              
00 817 050706 1236 244        0000      220                      Q                      0024 Q        0.00 I                                                              
00 818 050706 1236 710        0000      253                      A                      0005 A        0.00 I                                                              
00 819 050706 1236 710        0000      253                      A                      0005 A        0.00 I                                                              
00 820 050706 1236 244  00008 0000      214                      Q                      0006 Q        0.00 I                                                              
00 821 050706 1236 710        0000      253                      A                      0006 A        0.00 I                                                              
00 822 050706 1236 709        0000      798                      A                      0002 A        0.00 I                                                              
00 823 050706 1237 713  00051 0000      231                      A                      0000 A        0.00 I                                                              
00 824 050706 1237 253        0000      234                      Q                      0019 Q        0.00 I                                                              
00 825 050706 1237 233        0000      237                      Q                      0029 Q        0.00 I                                                              
00 826 050706 1237 710  00016 0000      253                      A                      0000 A        0.00 I                                                              
00 827 050706 1238 229  00737 0000 0    88174122406              a                      0032 a        0.00 I 703  0    88174122406                                        
00 828 050706 1238 253  00114 0000      233                      Q                      0004 Q        0.00 I                                                              
00 829 050706 1239 250  00007 0000      233                      Q                      0004 Q        0.00 I                                                              
00 830 050706 1239 255        0000 0    80957870432              a                      0025 a        0.00 I 703  0    80957870432                                        
00 831 050706 1239 710  00045 0000      253                      A                      0051 A        0.00 I                                                              
00 832 050706 1239 255        0000 0                             a                      0005 a        0.00 I 703  0                                                       
00 833 050706 1239 250  00002 0000 0    250524                   a                      0020 a        0.00 I 715  0    250524                                             
00 834 050706 1241 200        0000 0                             a                      0002 a        0.00 I 702  0                                                       
00 835 050706 1241 214  00225 0000 0    268906                   a                      0018 a        0.00 I 711  0    268906                                             
00 836 050706 1241 711  00009 0000      240                      A                      0002 A        0.00 I                                                              
00 837 050706 1241 255  00146 0000 0    80957870432              a                      0027 a        0.00 I 703  0    80957870432                                        
00 838 050706 1241 250  00133 0000 0    259524                   a                      0019 a        0.00 I 715  0    259524                                             
00 839 050706 1242 706  00022 0000      200                      A                      0002 A        0.00 I                                                              
00 840 050706 1242 233        0000 0                             a                      0004 a        0.00 I 703  0                                                       
00 841 050706 1242 214        0000 0    538108                   a                      0010 a        0.00 I 715  0    538108                                             
00 842 050706 1242 233  00002 0000 0    80952434105              a                      0028 a        0.00 I 703  0    80952434105                                        
00 843 050706 1242 233        0000 0    0                        a                      0004 a        0.00 I 702  0    0                                                  
00 844 050706 1242 219  00213 0000      249                      Q                      0002 Q        0.00 I                                                              
00 845 050706 1243 209  00011 0000      200                      Q                      0003 Q        0.00 I                                                              
00 846 050706 1243 713  00024 0000      230                      A                      0002 A        0.00 I                                                              
00 847 050706 1243 250  00033 0000      213                      Q                      0007 Q        0.00 I                                                              
00 848 050706 1243 252  00115 0000 0    553225                   a                      0018 a        0.00 I 711  0    553225                                             
00 849 050706 1243 252        0000 0                             a                      0006 a        0.00 E 711  0                                                       
00 850 050706 1243 214  00042 0000 0    534108                   a                      0017 a        0.00 I 715  0    534108                                             
00 851 050706 1244 250  00012 0000      222                      Q                      0003 Q        0.00 I                                                              
00 852 050706 1244 255  00016 0000 0    662114                   a                      0012 a        0.00 I 702  0    662114                                             
00 853 050706 1244 247  00019 0000      246                      Q                      0005 Q        0.00 I                                                              
00 854 050706 1244 711  00108 0000      240                      A                      0004 A        0.00 I                                                              
00 855 050706 1244 201  00720 0000 700  282223                   a                      0013 a        0.00 I 700  700  282223                                             
00 856 050706 1244 255  00019 0000 0    662647                   a                      0012 a        0.00 I 702  0    662647                                             
00 857 050706 1244 250  00021 0000      213                      Q                      0002 Q        0.00 I                                                              
00 858 050706 1245 710  00420 0000      253                      A                      0002 A        0.00 I                                                              
00 859 050706 1245 252  00112 0000 0    09                       a                      0037 a        0.00 I 715  0    09                                                 
00 860 050706 1245 230  00004 0000      219                      Q                      0005 Q        0.00 I                                                              
00 861 050706 1245 713  00017 0000      230                      A                      0001 A        0.00 I                                                              
00 862 050706 1245 255  00012 0000 0    662117                   a                      0017 a        0.00 I 711  0    662117                                             
00 863 050706 1245 226  00010 0000      244                      Q                      0002 Q        0.00 I                                                              
00 864 050706 1246 233  00314 0000 0    80959695493              a                      0030 a        0.00 I 703  0    80959695493                                        
00 865 050706 1246 250  00016 0000      249                      Q                      0004 Q        0.00 I                                                              
00 866 050706 1247 226  00105 0000      253                      Q                      0006 Q        0.00 I                                                              
00 867 050706 1247 713  00207 0000      219                      A                      0000 A        0.00 I                                                              
00 868 050706 1247 234        0000      223                      Q                      0014 Q        0.00 I                                                              
00 869 050706 1247 234        0000      244                      Q                      0003 Q        0.00 I                                                              
00 870 050706 1248 704        0000      212                      A                      0030 A        0.00 I                                                              
00 871 050706 1249 252  00309 0000 0    574245                   a                      0022 a        0.00 I 715  0    574245                                             
00 872 050706 1249 213        0000      228                      Q                      0014 Q        0.00 I                                                              
00 873 050706 1249 230        0000      211                      Q                      0021 Q        0.00 I                                                              
00 874 050706 1250 233        0000 0    75                       a                      0005 a        0.00 I 710  0    75                                                 
00 875 050706 1250 234  00225 0000      219                      Q                      0001 Q        0.00 I                                                              
00 876 050706 1250 255  00022 0000 0    662042                   a                      0012 a        0.00 I 702  0    662042                                             
00 877 050706 1250 233  00032 0000 0    88172755031              a                      0019 a        0.00 I 705  0    88172755031                                        
00 878 050706 1251 200        0000      249                      Q                      0003 Q        0.00 I                                                              
00 879 050706 1251 233        0000 0    88172759564              a                      0015 a        0.00 I 702  0    88172759564                                        
00 880 050706 1251 251  00503 0000 0    551956                   a                      0018 a        0.00 I 711  0    551956                                             
00 881 050706 1251 200  00010 0000      213                      Q                      0000 Q        0.00 I                                                              
00 882 050706 1251 233        0000 0    88172759564              a                      0016 a        0.00 I 705  0    88172759564                                        
00 883 050706 1251 231        0000 0                             a                      0001 a        0.00 E 702  0                                                       
00 884 050706 1251 249  00011 0000      200                      Q                      0002 Q        0.00 I                                                              
00 885 050706 1251 712  00014 0000      229                      A                      0006 A        0.00 I                                                              
00 886 050706 1251 233        0000 0    88172759564              a                      0030 a        0.00 I 711  0    88172759564                                        
00 887 050706 1252 233        0000 0    88172759564              a                      0024 a        0.00 I 711  0    88172759564                                        
00 888 050706 1252 231  00044 0000      234                      Q                      0003 Q        0.00 I                                                              
00 889 050706 1252 214  00434 0000 0    286523                   a                      0018 a        0.00 I 703  0    286523                                             
00 890 050706 1252 200        0000      249                      Q                      0001 Q        0.00 I                                                              
00 891 050706 1252 255  00130 0000 0    09                       a                      0034 a        0.00 I 710  0    09                                                 
00 892 050706 1252 233        0000 0    88172759564              a                      0025 a        0.00 I 711  0    88172759564                                        
00 893 050706 1253 213        0000      231                      Q                      0004 Q        0.00 I                                                              
00 894 050706 1253 230  00321 0000 0    89212505914              a                      0027 a        0.00 I 715  0    89212505914                                        
00 895 050706 1253 213  00008 0000      230                      Q                      0000 Q        0.00 I                                                              
00 896 050706 1253 233  00012 0000 0    88172759564              a                      0027 a        0.00 I 703  0    88172759564                                        
00 897 050706 1253 200  00014 0000      203                      Q                      0003 Q        0.00 I                                                              
00 898 050706 1253 707  00045 0000      210                      A                      0002 A        0.00 I                                                              
00 899 050706 1253 213        0000      231                      Q                      0008 Q        0.00 I                                                              
00 900 050706 1253 233        0000 0    88172759564              a                      0024 a        0.00 I 715  0    88172759564                                        
00 901 050706 1253 255  00031 0000 0    693984                   a                      0018 a        0.00 I 711  0    693984                                             
00 902 050706 1253 213  00011 0000      230                      Q                      0000 Q        0.00 I                                                              
00 903 050706 1254 233        0000 0    88172759564              a                      0023 a        0.00 I 703  0    88172759564                                        
00 904 050706 1254 233        0000 0    88172759564              a                      0024 a        0.00 I 711  0    88172759564                                        
00 905 050706 1255 710  00207 0000      253                      A                      0003 A        0.00 I                                                              
00 906 050706 1255 200        0000      249                      Q                      0001 Q        0.00 I                                                              
00 907 050706 1256 233  00041 0000 0    88172755031              a                      0027 a        0.00 I 711  0    88172755031                                        
00 908 050706 1256 230  00014 0000      253                      Q                      0011 Q        0.00 I                                                              
00 909 050706 1256 710  00019 0000      253                      A                      0018 A        0.00 I                                                              
00 910 050706 1256 233  00030 0000      200                      Q                      0002 Q        0.00 I                                                              
00 911 050706 1257 230  00015 0000      249                      Q                      0004 Q        0.00 I                                                              
00 912 050706 1257 713  00030 0000      230                      A                      0002 A        0.00 I                                                              
00 913 050706 1257 234  00014 0000      215                      Q                      0007 Q        0.00 I                                                              
00 914 050706 1257 713  00050 0000      249                      A                      0000 A        0.00 I                                                              
00 915 050706 1258 251        0000      238                      Q                      0003 Q        0.00 I                                                              
00 916 050706 1258 715        0000      238                      A                      0014 A        0.00 I                                                              
00 917 050706 1258 715  00118 0000      251                      A                      0004 A        0.00 I                                                              
00 918 050706 1259 251  00009 0000      238                      Q                      0007 Q        0.00 I                                                              
00 919 050706 1259 715  00036 0000      251                      A                      0002 A        0.00 I                                                              
00 920 050706 1259 233  00201 0000 0    579895                   a                      0024 a        0.00 I 711  0    579895                                             
00 921 050706 1259 715  00026 0000      238                      A                      0000 A        0.00 I                                                              
00 922 050706 1259 210  00413 0000 0    80952124081              a                      0028 a        0.00 I 703  0    80952124081                                        
00 923 050706 1300 251  00017 0000      238                      Q                      0003 Q        0.00 I                                                              
00 924 050706 1301 233  00134 0000      252                      Q                      0002 Q        0.00 I                                                              
00 925 050706 1301 254  00029 0000 0    693984                   a                      0020 a        0.00 I 703  0    693984                                             
00 926 050706 1301 238  00013 0000 0    238582                   a                      0018 a        0.00 I 715  0    238582                                             
00 927 050706 1301 250  00350 0000 0    232940                   a                      0020 a        0.00 I 710  0    232940                                             
00 928 050706 1301 255  00100 0000 0    242347                   a                      0016 a        0.00 I 711  0    242347                                             
00 929 050706 1301 236  00133 0000      253                      Q                      0007 Q        0.00 I                                                              
00 930 050706 1302 235  00007 0000      201                      Q                      0003 Q        0.00 I                                                              
00 931 050706 1302 710  00028 0000      253                      A                      0007 A        0.00 I                                                              
00 932 050706 1302 238  00040 0000 0    238378                   a                      0018 a        0.00 I 703  0    238378                                             
00 933 050706 1302 200  00006 0000      235                      Q                      0007 Q        0.00 I                                                              
00 934 050706 1302 244        0000      234                      Q                      0002 Q        0.00 I                                                              
00 935 050706 1303 233  00043 0000      252                      Q                      0007 Q        0.00 I                                                              
00 936 050706 1303 713  00035 0000      230                      A                      0005 A        0.00 I                                                              
00 937 050706 1303 233  00020 0000      201                      Q                      0003 Q        0.00 I                                                              
00 938 050706 1303 244  00030 0000      215                      Q                      0012 Q        0.00 I                                                              
00 939 050706 1304 709  02729 0000      248                      A                      0000 A        0.00 I                                                              
00 940 050706 1304 253  00106 0000      219                      Q                      0010 Q        0.00 I                                                              
00 941 050706 1304 255  00029 0000 0    693984                   a                      0017 a        0.00 I 715  0    693984                                             
00 942 050706 1304 211        0000 0    8                        a                      0004 a        0.00 I 710  0    8                                                  
00 943 050706 1305 233  00148 0000      200                      Q                      0002 Q        0.00 I                                                              
00 944 050706 1305 233        0000 0    645717                   a                      0018 a        0.00 I 715  0    645717                                             
00 945 050706 1305 231  00149 0000 0    218753                   a                      0017 a        0.00 I 703  0    218753                                             
00 946 050706 1305 211        0000 0    8                        a                      0003 a        0.00 I 715  0    8                                                  
00 947 050706 1305 706  00033 0000      200                      A                      0034 A        0.00 I                                                              
00 948 050706 1305 211        0000 0    81                       a                      0001 a        0.00 I 703  0    81                                                 
00 949 050706 1306 244  00007 0000      214                      Q                      0000 Q        0.00 I                                                              
00 950 050706 1306 709        0000      798                      A                      0002 A        0.00 I                                                              
00 951 050706 1306 214  00021 0000      215                      Q                      0006 Q        0.00 I                                                              
00 952 050706 1306 233  00036 0000 0    645717                   a                      0017 a        0.00 I 710  0    645717                                             
00 953 050706 1306 244        0000      239                      Q                      0014 Q        0.00 I                                                              
00 954 050706 1307 250  00337 0000 0    518883                   a                      0021 a        0.00 I 711  0    518883                                             
00 955 050706 1308 233  00045 0000      201                      Q                      0007 Q        0.00 I                                                              
00 956 050706 1308 203        0000 0                             a                      0001 a        0.00 E 711  0                                                       
00 957 050706 1308 203        0000      253                      Q                      0014 Q        0.00 I                                                              
00 958 050706 1308 233        0000      230                      Q                      0001 Q        0.00 I                                                              
00 959 050706 1308 203  00012 0000      252                      Q                      0003 Q        0.00 I                                                              
00 960 050706 1309 233        0000      250                      Q                      0032 Q        0.00 I                                                              
00 961 050706 1309 244        0000      239                      Q                      0028 Q        0.00 I                                                              
00 962 050706 1309 202  01043 0000 0    88332561928              a                      0024 a        0.00 I 702  0    88332561928                                        
00 963 050706 1309 255  00011 0000      236                      Q                      0009 Q        0.00 I                                                              
00 964 050706 1309 710  00059 0000      253                      A                      0003 A        0.00 I                                                              
00 965 050706 1309 709  00330 0000      248                      A                      0000 A        0.00 I                                                              
00 966 050706 1310 230        0000      219                      Q                      0021 Q        0.00 I                                                              
00 967 050706 1311 713  00039 0000      230                      A                      0002 A        0.00 I                                                              
00 968 050706 1311 226  00031 0000 0    291613                   a                      0017 a        0.00 I 703  0    291613                                             
00 969 050706 1311 230  00011 0000      249                      Q                      0003 Q        0.00 I                                                              
00 970 050706 1311 233  00008 0000      250                      Q                      0008 Q        0.00 I                                                              
00 971 050706 1312 255  00011 0000 0    693984                   a                      0018 a        0.00 I 703  0    693984                                             
00 972 050706 1312 248  00021 0000      211                      Q                      0005 Q        0.00 I                                                              
00 973 050706 1312 710        0000      253                      A                      0014 A        0.00 I                                                              
00 974 050706 1313 710        0000      252                      A                      0034 A        0.00 I                                                              
00 975 050706 1313 710        0000      253                      A                      0008 A        0.00 I                                                              
00 976 050706 1313 710  00010 0000      252                      A                      0006 A        0.00 I                                                              
00 977 050706 1313 709        0000      798                      A                      0002 A        0.00 I                                                              
00 978 050706 1313 709  00016 0000      249                      A                      0000 A        0.00 I                                                              
00 979 050706 1314 710  00028 0000      253                      A                      0002 A        0.00 I                                                              
00 980 050706 1314 255  00017 0000 0    693984                   a                      0019 a        0.00 I 715  0    693984                                             
00 981 050706 1314 232        0000      233                      Q                      0005 Q        0.00 I                                                              
00 982 050706 1314 214  00016 0000      219                      Q                      0006 Q        0.00 I                                                              
00 983 050706 1314 234  00149 0000 0    220195                   a                      0020 a        0.00 I 703  0    220195                                             
00 984 050706 1314 708        0000      233                      A                      0020 A        0.00 I                                                              
00 985 050706 1314 708  00034 0000      232                      A                      0002 A        0.00 I                                                              
00 986 050706 1315 214        0000      254                      Q                      0026 Q        0.00 I                                                              
00 987 050706 1315 202  00532 0000 0    88332561928              a                      0026 a        0.00 I 711  0    88332561928                                        
00 988 050706 1315 710        0000      253                      A                      0014 A        0.00 I                                                              
00 989 050706 1315 214        0000      237                      Q                      0020 Q        0.00 I                                                              
00 990 050706 1315 710        0000      252                      A                      0014 A        0.00 I                                                              
00 991 050706 1315 231  00002 0000 0    672483                   a                      0018 a        0.00 I 703  0    672483                                             
00 992 050706 1316 214  00013 0000      248                      Q                      0008 Q        0.00 I                                                              
00 993 050706 1316 708  00149 0000      234                      A                      0000 A        0.00 I                                                              
00 994 050706 1316 710        0000      253                      A                      0008 A        0.00 I                                                              
00 995 050706 1317 709        0000      798                      A                      0002 A        0.00 I                                                              
00 996 050706 1317 214  00020 0000 0    231744                   a                      0016 a        0.00 I 711  0    231744                                             
00 997 050706 1317 231  00018 0000 0    558008                   a                      0018 a        0.00 I 703  0    558008                                             
00 998 050706 1317 710        0000      252                      A                      0054 A        0.00 I                                                              
00 999 050706 1318 216  00016 0000 0    593204                   a                      0018 a        0.00 I 703  0    593204                                             
00 001 050706 1318 709  00118 0000      249                      A                      0000 A        0.00 I                                                              
00 002 050706 1318 710  00035 0000      253                      A                      0004 A        0.00 I                                                              
00 003 050706 1318 252  00017 0000 0    579877                   a                      0021 a        0.00 I 715  0    579877                                             
00 004 050706 1319 252  00027 0000 0    579867                   a                      0020 a        0.00 I 715  0    579867                                             
00 005 050706 1320 702        0000      797                      A                      0003 A        0.00 I                                                              
00 006 050706 1320 702  00007 0000      255                      A                      0000 A        0.00 I                                                              
00 007 050706 1321 248  00019 0000      211                      Q                      0004 Q        0.00 I                                                              
00 008 050706 1321 231  00412 0000 0    568417                   a                      0018 a        0.00 I 711  0    568417                                             
00 009 050706 1322 244        0000      214                      Q                      0014 Q        0.00 I                                                              
00 010 050706 1323 255  00207 0000 0    243785                   a                      0018 a        0.00 I 715  0    243785                                             
00 011 050706 1323 236  00028 0000      254                      Q                      0013 Q        0.00 I                                                              
00 012 050706 1323 249  00013 0000      230                      Q                      0002 Q        0.00 I                                                              
00 013 050706 1323 231        0000 0    555971                   a                      0016 a        0.00 I 711  0    555971                                             
00 014 050706 1323 228        0000 0    881762                   a                      0012 a        0.00 I 715  0    881762                                             
00 015 050706 1324 232  00116 0000      248                      Q                      0003 Q        0.00 I                                                              
00 016 050706 1324 214  00024 0000      237                      Q                      0005 Q        0.00 I                                                              
00 017 050706 1324 251  00541 0000 0    518860                   a                      0022 a        0.00 I 703  0    518860                                             
00 018 050706 1325 250  00312 0000 0    88122510496              a                      0032 a        0.00 I 710  0    88122510496                                        
00 019 050706 1325 244  00008 0000      214                      Q                      0002 Q        0.00 I                                                              
00 020 050706 1326 228  00134 0000 0    88162649972              a                      0028 a        0.00 I 711  0    88162649972                                        
00 021 050706 1326 710  00040 0000      253                      A                      0001 A        0.00 I                                                              
00 022 050706 1326 244        0000      239                      Q                      0023 Q        0.00 I                                                              
00 023 050706 1326 228        0000 0    88162649970              a                      0028 a        0.00 I 711  0    88162649970                                        
00 024 050706 1326 231        0000 0    555971                   a                      0017 a        0.00 I 711  0    555971                                             
00 025 050706 1327 219        0000      215                      Q                      0038 Q        0.00 I                                                              
00 026 050706 1327 219  00009 0000      240                      Q                      0010 Q        0.00 I                                                              
00 027 050706 1327 228  00043 0000 0    88162157705              a                      0027 a        0.00 I 715  0    88162157705                                        
00 028 050706 1327 238  00109 0000 0    290734                   a                      0020 a        0.00 I 703  0    290734                                             
00 029 050706 1327 709        0000      798                      A                      0002 A        0.00 I                                                              
00 030 050706 1328 211  00015 0000 0    23249                    a                      0016 a        0.00 I 710  0    23249                                              
00 031 050706 1328 213  00010 0000 0    09                       a                      0034 a        0.00 I 711  0    09                                                 
00 032 050706 1328 211  00010 0000      200                      Q                      0003 Q        0.00 I                                                              
00 033 050706 1328 219  00033 0000      238                      Q                      0004 Q        0.00 I                                                              
00 034 050706 1328 244  00005 0000 0    529836                   a                      0021 a        0.00 I 710  0    529836                                             
00 035 050706 1328 231        0000 0    555971                   a                      0010 a        0.00 I 702  0    555971                                             
00 036 050706 1328 252        0000 0    09                       a                      0035 a        0.00 I 715  0    09                                                 
00 037 050706 1328 200        0000      209                      Q                      0021 Q        0.00 I                                                              
00 038 050706 1328 200        0000      254                      Q                      0002 Q        0.00 I                                                              
00 039 050706 1329 709  00146 0000      249                      A                      0000 A        0.00 I                                                              
00 040 050706 1329 211        0000 0    232495                   a                      0011 a        0.00 I 705  0    232495                                             
00 041 050706 1329 201        0000 700  252                      a                      0022 a        0.00 I 700  700  252                                                
00 042 050706 1329 252  00007 0000 0    009                      a                      0040 a        0.00 I 715  0    009                                                
00 043 050706 1329 201        0000 700  252                      a                      0022 a        0.00 I 700  700  252                                                
00 044 050706 1329 222        0000      250                      Q                      0029 Q        0.00 I                                                              
00 045 050706 1330 201        0000 700  252                      a                      0008 a        0.00 I 700  700  252                                                
00 046 050706 1330 203  00033 0000 0    286480                   a                      0012 a        0.00 I 701  0    286480                                             
00 047 050706 1330 201  00001 0000 700                           a                      0001 a        0.00 I 700  700                                                     
00 048 050706 1330 249        0000      250                      Q                      0022 Q        0.00 I                                                              
00 049 050706 1330 252  00043 0000 0    536300                   a                      0020 a        0.00 I 715  0    536300                                             
00 050 050706 1330 706  00145 0000      200                      A                      0004 A        0.00 I                                                              
00 051 050706 1330 231        0000 0    555971                   a                      0012 a        0.00 I 701  0    555971                                             
00 052 050706 1331 255  00247 0000 0    243785                   a                      0017 a        0.00 I 703  0    243785                                             
00 053 050706 1331 248  00158 0000 0    586880                   a                      0011 a        0.00 I 702  0    586880                                             
00 054 050706 1331 711  00258 0000      240                      A                      0002 A        0.00 I                                                              
00 055 050706 1331 236  00021 0000      254                      Q                      0004 Q        0.00 I                                                              
00 056 050706 1332 244  00254 0000 0    579836                   a                      0021 a        0.00 I 710  0    579836                                             
00 057 050706 1332 252  00042 0000      253                      Q                      0005 Q        0.00 I                                                              
00 058 050706 1332 252  00020 0000 0    536300                   a                      0019 a        0.00 I 703  0    536300                                             
00 059 050706 1333 252  00029 0000      248                      Q                      0009 Q        0.00 I                                                              
00 060 050706 1333 231  00234 0000 0    554365                   a                      0017 a        0.00 I 715  0    554365                                             
00 061 050706 1334 252  00016 0000 0    534284                   a                      0019 a        0.00 I 703  0    534284                                             
00 062 050706 1334 710  00023 0000      253                      A                      0006 A        0.00 I                                                              
00 063 050706 1334 217        0000 0    22                       a                      0002 a        0.00 I 703  0    22                                                 
00 064 050706 1335 217  00013 0000 0    247610                   a                      0017 a        0.00 I 715  0    247610                                             
00 065 050706 1335 244        0000      234                      Q                      0014 Q        0.00 I                                                              
00 066 050706 1336 230  00001 0000      231                      Q                      0001 Q        0.00 I                                                              
00 067 050706 1336 713  00009 0000      230                      A                      0004 A        0.00 I                                                              
00 068 050706 1336 244        0000      233                      Q                      0013 Q        0.00 I                                                              
00 069 050706 1336 211  00600 0000 0    232495                   a                      0014 a        0.00 I 705  0    232495                                             
00 070 050706 1336 210  00133 0000 0    572927                   a                      0019 a        0.00 I 703  0    572927                                             
00 071 050706 1336 244        0000      234                      Q                      0008 Q        0.00 I                                                              
00 072 050706 1337 244        0000      233                      Q                      0020 Q        0.00 I                                                              
00 073 050706 1337 710  00028 0000      253                      A                      0005 A        0.00 I                                                              
00 074 050706 1337 211  00015 0000 0    235255                   a                      0015 a        0.00 I 703  0    235255                                             
00 075 050706 1337 254  00010 0000 0    286512                   a                      0017 a        0.00 I 715  0    286512                                             
00 076 050706 1338 713  00219 0000      231                      A                      0000 A        0.00 I                                                              
00 077 050706 1338 248        0000 0    286512                   a                      0016 a        0.00 I 715  0    286512                                             
00 078 050706 1338 248        0000 0    289                      a                      0003 a        0.00 I 715  0    289                                                
00 079 050706 1338 211  00104 0000 0    238508                   a                      0018 a        0.00 I 703  0    238508                                             
00 080 050706 1338 712  00118 0000      228                      A                      0003 A        0.00 I                                                              
00 081 050706 1339 201  00019 0000      236                      Q                      0008 Q        0.00 I                                                              
00 082 050706 1340 707  00250 0000      210                      A                      0003 A        0.00 I                                                              
00 083 050706 1340 712        0000      229                      A                      0012 A        0.00 I                                                              
00 084 050706 1340 248  00114 0000 0    283911                   a                      0016 a        0.00 I 715  0    283911                                             
00 085 050706 1340 201        0000 700  2                        a                      0003 a        0.00 I 700  700  2                                                  
00 086 050706 1340 712  00024 0000      230                      A                      0000 A        0.00 I                                                              
00 087 050706 1340 222  00840 0000 0    065                      a                      0036 a        0.00 I 711  0    065                                                
00 088 050706 1340 231  00141 0000 0    555971                   a                      0016 a        0.00 I 710  0    555971                                             
00 089 050706 1341 710  00014 0000      253                      A                      0003 A        0.00 I                                                              
00 090 050706 1341 222  00018 0000 0    88332504400              a                      0027 a        0.00 I 703  0    88332504400                                        
00 091 050706 1341 201  00053 0000 700  282223                   a                      0013 a        0.00 I 700  700  282223                                             
00 092 050706 1341 214  00008 0000 0    244255                   a                      0017 a        0.00 I 703  0    244255                                             
00 093 050706 1341 712        0000      229                      A                      0014 A        0.00 I                                                              
00 094 050706 1342 230  00001 0000      228                      Q                      0002 Q        0.00 I                                                              
00 095 050706 1342 712  00015 0000      230                      A                      0002 A        0.00 I                                                              
00 096 050706 1342 222  00019 0000 0    88332568800              a                      0029 a        0.00 I 711  0    88332568800                                        
00 097 050706 1343 712  00052 0000      228                      A                      0000 A        0.00 I                                                              
00 098 050706 1343 710  00028 0000      253                      A                      0002 A        0.00 I                                                              
00 099 050706 1343 220        0000      242                      Q                      0036 Q        0.00 I                                                              
00 100 050706 1343 220        0000      241                      Q                      0020 Q        0.00 I                                                              
00 101 050706 1344 220  00007 0000      240                      Q                      0010 Q        0.00 I                                                              
00 102 050706 1344 213        0000      211                      Q                      0023 Q        0.00 I                                                              
00 103 050706 1344 253        0000      233                      Q                      0010 Q        0.00 I                                                              
00 104 050706 1344 220        0000      242                      Q                      0023 Q        0.00 I                                                              
00 105 050706 1345 219        0000      233                      Q                      0038 Q        0.00 I                                                              
00 106 050706 1346 236  00031 0000 0    322280                   a                      0019 a        0.00 I 715  0    322280                                             
00 107 050706 1346 226  00029 0000 0    291613                   a                      0015 a        0.00 I 710  0    291613                                             
00 108 050706 1346 219        0000      233                      Q                      0045 Q        0.00 I                                                              
00 109 050706 1346 231  00420 0000 0    672483                   a                      0017 a        0.00 I 703  0    672483                                             
00 110 050706 1346 253  00213 0000      234                      Q                      0000 Q        0.00 I                                                              
00 111 050706 1346 219        0000      233                      Q                      0011 Q        0.00 I                                                              
00 112 050706 1346 220        0000      242                      Q                      0048 Q        0.00 I                                                              
00 113 050706 1347 219  00009 0000      234                      Q                      0000 Q        0.00 I                                                              
00 114 050706 1347 248  00234 0000 0    577021                   a                      0018 a        0.00 I 711  0    577021                                             
00 115 050706 1347 211  00120 0000      230                      Q                      0002 Q        0.00 I                                                              
00 116 050706 1349 232        0000      233                      Q                      0003 Q        0.00 I                                                              
00 117 050706 1349 708        0000      233                      A                      0008 A        0.00 I                                                              
00 118 050706 1349 708  00021 0000      232                      A                      0002 A        0.00 I                                                              
00 119 050706 1350 236        0000      247                      Q                      0003 Q        0.00 I                                                              
00 120 050706 1350 714  00031 0000      236                      A                      0008 A        0.00 I                                                              
00 121 050706 1351 203  00216 0000 0    88122511459              a                      0025 a        0.00 I 711  0    88122511459                                        
00 122 050706 1351 708  00145 0000      234                      A                      0002 A        0.00 I                                                              
00 123 050706 1351 200        0000      201                      Q                      0003 Q        0.00 I                                                              
00 124 050706 1351 236  00024 0000      200                      Q                      0004 Q        0.00 I                                                              
00 125 050706 1351 231  00044 0000 0    555971                   a                      0018 a        0.00 I 703  0    555971                                             
00 126 050706 1352 238        0000 0    551902                   a                      0018 a        0.00 I 711  0    551902                                             
00 127 050706 1352 200        0000      201                      Q                      0001 Q        0.00 I                                                              
00 128 050706 1352 238        0000 0    551902                   a                      0016 a        0.00 I 711  0    551902                                             
00 129 050706 1352 238        0000 0    551902                   a                      0016 a        0.00 I 711  0    551902                                             
00 130 050706 1352 200        0000      201                      Q                      0002 Q        0.00 I                                                              
00 131 050706 1353 201  00357 0000 700  282223                   a                      0014 a        0.00 I 700  700  282223                                             
00 132 050706 1353 200  00007 0000      201                      Q                      0002 Q        0.00 I                                                              
00 133 050706 1353 710        0000      253                      A                      0014 A        0.00 I                                                              
00 134 050706 1353 710  00010 0000      252                      A                      0003 A        0.00 I                                                              
00 135 050706 1354 232  00041 0000      222                      Q                      0002 Q        0.00 I                                                              
00 136 050706 1354 710        0000      253                      A                      0008 A        0.00 I                                                              
00 137 050706 1354 211  00137 0000 0    232495                   a                      0017 a        0.00 I 703  0    232495                                             
00 138 050706 1354 710        0000      252                      A                      0040 A        0.00 I                                                              
00 139 050706 1355 231  00024 0000      253                      Q                      0008 Q        0.00 I                                                              
00 140 050706 1356 710  00029 0000      253                      A                      0003 A        0.00 I                                                              
00 141 050706 1356 231  00011 0000 0    672483                   a                      0018 a        0.00 I 703  0    672483                                             
00 142 050706 1356 200        0000      250                      Q                      0014 Q        0.00 I                                                              
00 143 050706 1356 211  00045 0000      252                      Q                      0002 Q        0.00 I                                                              
00 144 050706 1356 714  00627 0000      247                      A                      0013 A        0.00 I                                                              
00 145 050706 1356 200  00007 0000      248                      Q                      0004 Q        0.00 I                                                              
00 146 050706 1357 231  00011 0000 0    672483                   a                      0018 a        0.00 I 703  0    672483                                             
00 147 050706 1358 710        0000      253                      A                      0014 A        0.00 I                                                              
00 148 050706 1358 710        0000      252                      A                      0015 A        0.00 I                                                              
00 149 050706 1359 200        0000      230                      Q                      0003 Q        0.00 I                                                              
00 150 050706 1359 706  00045 0000      200                      A                      0004 A        0.00 I                                                              
00 151 050706 1359 231  00202 0000 0    554365                   a                      0018 a        0.00 I 703  0    554365                                             
00 152 050706 1359 244  00019 0000 0    221945                   a                      0019 a        0.00 I 715  0    221945                                             
00 153 050706 1359 209  00634 0000 0    238561                   a                      0017 a        0.00 I 711  0    238561                                             
00 154 050706 1400 707  00050 0000      210                      A                      0002 A        0.00 I                                                              
00 155 050706 1400 710        0000      253                      A                      0009 A        0.00 I                                                              
00 156 050706 1401 707  00040 0000      210                      A                      0002 A        0.00 I                                                              
00 157 050706 1401 710        0000      252                      A                      0051 A        0.00 I                                                              
00 158 050706 1401 246        0000 0    24                       a                      0005 a        0.00 I 703  0    24                                                 
00 159 050706 1401 248        0000      211                      Q                      0024 Q        0.00 I                                                              
00 160 050706 1403 710  00107 0000      253                      A                      0003 A        0.00 I                                                              
00 161 050706 1403 202  00008 0000      248                      Q                      0008 Q        0.00 I                                                              
00 162 050706 1403 231  00324 0000 0    672483                   a                      0018 a        0.00 I 711  0    672483                                             
00 163 050706 1404 710  00017 0000      253                      A                      0008 A        0.00 I                                                              
00 164 050706 1404 217  00242 0000 0    247610                   a                      0018 a        0.00 I 715  0    247610                                             
00 165 050706 1405 229        0000      252                      Q                      0008 Q        0.00 I                                                              
00 166 050706 1405 229        0000      253                      Q                      0008 Q        0.00 I                                                              
00 167 050706 1405 246  00358 0000 0    242759                   a                      0018 a        0.00 I 703  0    242759                                             
00 168 050706 1406 214  00022 0000      220                      Q                      0024 Q        0.00 I                                                              
00 169 050706 1406 706  00659 0000      230                      A                      0007 A        0.00 I                                                              
00 170 050706 1407 214        0000      220                      Q                      0056 Q        0.00 I                                                              
00 171 050706 1408 209  00040 0000 0    672005                   a                      0019 a        0.00 I 711  0    672005                                             
00 172 050706 1408 244  00054 0000      234                      Q                      0002 Q        0.00 I                                                              
00 173 050706 1408 209  00007 0000 0    672559                   a                      0019 a        0.00 I 711  0    672559                                             
00 174 050706 1409 230  00034 0000 0    269809                   a                      0021 a        0.00 I 703  0    269809                                             
00 175 050706 1410 209  00040 0000 0    672559                   a                      0019 a        0.00 I 711  0    672559                                             
00 176 050706 1410 712  02519 0000      228                      A                      0005 A        0.00 I                                                              
00 177 050706 1410 228        0000 0    8                        a                      0003 a        0.00 I 710  0    8                                                  
00 178 050706 1410 209  00004 0000 0    672383                   a                      0018 a        0.00 I 711  0    672383                                             
00 179 050706 1411 200  00008 0000      254                      Q                      0003 Q        0.00 I                                                              
00 180 050706 1411 703  00122 0000      216                      A                      0006 A        0.00 I                                                              
00 181 050706 1412 209  00021 0000 0    672559                   a                      0022 a        0.00 I 711  0    672559                                             
00 182 050706 1412 200        0000      250                      Q                      0013 Q        0.00 I                                                              
00 183 050706 1412 246  00125 0000 0    242759                   a                      0016 a        0.00 I 702  0    242759                                             
00 184 050706 1412 228  00132 0000 0    533310                   a                      0017 a        0.00 I 710  0    533310                                             
00 185 050706 1412 228        0000 0    53                       a                      0007 a        0.00 I 711  0    53                                                 
00 186 050706 1412 702        0000      797                      A                      0003 A        0.00 I                                                              
00 187 050706 1412 710        0000      253                      A                      0015 A        0.00 I                                                              
00 188 050706 1413 710        0000      252                      A                      0018 A        0.00 I                                                              
00 189 050706 1413 702  00021 0000      255                      A                      0000 A        0.00 I                                                              
00 190 050706 1413 203  00013 0000      232                      Q                      0004 Q        0.00 I                                                              
00 191 050706 1413 710        0000      253                      A                      0008 A        0.00 I                                                              
00 192 050706 1413 710        0000      252                      A                      0032 A        0.00 I                                                              
00 193 050706 1414 713  00054 0000      230                      A                      0002 A        0.00 I                                                              
00 194 050706 1414 236  00354 0000 0    286523                   a                      0018 a        0.00 I 715  0    286523                                             
00 195 050706 1414 255  00047 0000 0    281153                   a                      0016 a        0.00 I 711  0    281153                                             
00 196 050706 1415 236  00014 0000      200                      Q                      0002 Q        0.00 I                                                              
00 197 050706 1415 200        0000      203                      Q                      0002 Q        0.00 I                                                              
00 198 050706 1415 236        0000      202                      Q                      0018 Q        0.00 I                                                              
00 199 050706 1416 203  00044 0000 0    88122511985              a                      0026 a        0.00 I 711  0    88122511985                                        
00 200 050706 1416 248  00039 0000      236                      Q                      0003 Q        0.00 I                                                              
00 201 050706 1416 200  00007 0000      203                      Q                      0001 Q        0.00 I                                                              
00 202 050706 1416 706  00102 0000      200                      A                      0008 A        0.00 I                                                              
00 203 050706 1416 236  00011 0000      219                      Q                      0011 Q        0.00 I                                                              
00 204 050706 1417 236  00005 0000      248                      Q                      0002 Q        0.00 I                                                              
00 205 050706 1417 219  00016 0000      230                      Q                      0007 Q        0.00 I                                                              
00 206 050706 1417 239        0000      220                      Q                      0043 Q        0.00 I                                                              
00 207 050706 1418 703  00010 0000      216                      A                      0004 A        0.00 I                                                              
00 208 050706 1418 219  00018 0000      236                      Q                      0006 Q        0.00 I                                                              
00 209 050706 1418 710  00054 0000      253                      A                      0002 A        0.00 I                                                              
00 210 050706 1419 214  00028 0000      237                      Q                      0002 Q        0.00 I                                                              
00 211 050706 1419 236  00013 0000      253                      Q                      0001 Q        0.00 I                                                              
00 212 050706 1419 706  00318 0000      203                      A                      0000 A        0.00 I                                                              
00 213 050706 1419 200  00042 0000 0    645717                   a                      0020 a        0.00 I 711  0    645717                                             
00 214 050706 1420 236        0000      223                      Q                      0035 Q        0.00 I                                                              
00 215 050706 1420 710  00023 0000      253                      A                      0003 A        0.00 I                                                              
00 216 050706 1420 236        0000      224                      Q                      0021 Q        0.00 I                                                              
00 217 050706 1420 200  00009 0000      203                      Q                      0003 Q        0.00 I                                                              
00 218 050706 1420 253        0000      230                      Q                      0014 Q        0.00 I                                                              
