0!KE000037001132   01121159500112120000             000000000                                000080442067400       07070          
0!KA000038001170   01121158420112120035             00000000080672579733                     0000                  07070          
0!KE000032001202   01121200440112120048             000000000                                000080442309997       07070          
0!KA000034001138   01121156590112120049             00000000080669154386                     0000                  07070          
0!KA000039001200   01121200410112120051             00000000080506473691                     0000                  07070          
0!KE000039001242   01121201100112120210             000000000                                000080442309997       07070          
0!KE000037001135   01121200000112120217             100000000                                000080442067400       07070          
0!KE000034001132   01121202320112120321             000000000                                000080442309997       07070          
0!KE000034001200   01121203210112120328             100000000                                000080442309997       07070          
0!KE008009001130   01121203240112120347             000008000                                0000                  07070          
0!KE008009001135   01121203470112120421             100008000                                0000                  07070          
0!KE000038001132   01121203350112120442             000000000                                000080442309997       07070          
0!KA000040001206   01121204040112120459             0000000004903202                         0000                  07070          
0!KE000038001200   01121204420112120513             100000000                                000080442309997       07070          
0!KE000043001111   01121206210112120627             000000000                                000080444618538       07070          
0!KE000042001242   01121206500112120708             000000000                                000080444618538       07070          
0!KE000035001150   01121158010112120712             000000000                                000080444964705       07070          
0!KA000045001135   01121206550112120721             000000000829151303                       0000                  07070          
0!KA000046001170   01121206530112120730             00000000080965369808                     0000                  07070          
0!KA000048001135   01121209520112121004             0000000004618110                         0000                  07070          
0!KE000038001206   01121205130112121023             100000000                                000080442309997       07070          
