0!KE010103001224   02050808570205080953             000010                                   0000                      0          
0!KE010105001216   02050809500205080956             000010                                   0000                      0          
0!KA010121001226   02050808070205080956             0000100103773427                         0000                      0          
0!KE010104001365   02050809450205081003             000010                                   0000                      0          
0!KA010122001223   02050808490205081027             0000100103048680                         0000                      0          
0!KA010124001216   02050810140205081027             0000100107224218                         0000                      0          
0!KE010105001217   02050809560205081029             100010                                   0000                      0          
0!KA010125001226   02050810320205081053             0000100103677994                         0000                      0          
0!KE010106001216   02050811290205081153             000010                                   0000                      0          
0!KA010101001226   02050811070205081205             0000100104817617                         0000                      0          
0!KE010106001217   02050811530205081220             100010                                   0000                      0          
0!KE010107001305   02050812510205081314             000010                                   0000                      0          
0!KA010123001225   02050809350205081346             0000100105451901                         0000                      0          
0!KA010126001223   02050810430205081542             0000100105143065                         0000                      0          
0!KE010108001225   02050814310205081557             000010                                   0000                      0          
0!KA010102001220   02050815050205081614             0000100103501975                         0000                      0          
0!KA010104001220   02050816290205081703             0000100104461747                         0000                      0          
0!KE010111001363   02050817160205081724             000010                                   0000                      0          
0!KE010112001238   02050817240205081741             000010                                   0000                      0          
0!KE010115001225   02050817550205081810             000010                                   0000                      0          
0!KE010116001365   02050818010205081818             000010                                   0000                      0          
